>>> tree.node_count
15
>>> tree.value
array([[[34., 31., 35.]],
       [[34.,  0.,  0.]],
       [[ 0., 31., 35.]],
       [[ 0., 30.,  3.]],
       [[ 0., 30.,  1.]],
       [[ 0., 29.,  0.]],
       [[ 0.,  1.,  1.]],
       [[ 0.,  0.,  1.]],
       [[ 0.,  1.,  0.]],
       [[ 0.,  0.,  2.]],
       [[ 0.,  1., 32.]],
       [[ 0.,  1.,  1.]],
       [[ 0.,  0.,  1.]],
       [[ 0.,  1.,  0.]],
       [[ 0.,  0., 31.]]])
>>> tree.feature
array([ 2, -2,  3,  2,  3, -2,  1, -2, -2, -2,  2,  1, -2, -2, -2],
      dtype=int64)
>>> tree.threshold 阈
array([ 2.35000002, -2.        ,  1.75      ,  5.04999995,  1.65000004,
       -2.        ,  2.75      , -2.        , -2.        , -2.        ,
        4.85000014,  3.10000002, -2.        , -2.        , -2.        ])
>>> tree.n_node_samples
array([100,  34,  66,  33,  31,  29,   2,   1,   1,   2,  33,   2,   1,
         1,  31], dtype=int64)